0 -0.0216667 -0.0116667 0.0333333
1 0.0266667 0.0516667 -0.0783333
2 0.035 0.04 -0.075
3 0.025 -0.04 0.015
4 0.0783333 -0.111667 0.0333333
5 0.145 -0.045 -0.1
6 0.223333 -0.0916667 -0.131667
7 0.228333 -0.131667 -0.0966667
8 0.166667 -0.178333 0.0116667
9 0.325 -0.255 -0.07
10 0.361667 -0.248333 -0.113333
11 0.35 -0.25 -0.1
12 0.466667 -0.283333 -0.183333
13 0.386667 -0.243333 -0.143333
14 0.381667 -0.238333 -0.143333
15 0.423333 -0.251667 -0.171667
16 0.433333 -0.326667 -0.106667
17 0.43 -0.235 -0.195
18 0.466667 -0.268333 -0.198333
19 0.413333 -0.136667 -0.276667
20 0.49 -0.18 -0.31
21 0.49 -0.125 -0.365
22 0.468333 -0.0866667 -0.381667
23 0.47 -0.08 -0.39
24 0.495 -0.07 -0.425
25 0.398333 -0.0616667 -0.336667
26 0.445 -0.085 -0.36
27 0.451667 -0.123333 -0.328333
28 0.413333 -0.0916667 -0.321667
29 0.375 -0.08 -0.295
30 0.36 0.02 -0.38
31 0.441667 -0.0733333 -0.368333
32 0.486667 -0.0733333 -0.413333
33 0.48 -0.09 -0.39
34 0.5 -0.09 -0.41
35 0.515 -0.1 -0.415
36 0.511667 -0.0883333 -0.423333
37 0.531667 -0.103333 -0.428333
38 0.566667 -0.0933333 -0.473333
39 0.583333 -0.0816667 -0.501667
40 0.595 -0.13 -0.465
41 0.518333 -0.0616667 -0.456667
42 0.576667 -0.148333 -0.428333
43 0.63 -0.21 -0.42
44 0.481667 -0.0283333 -0.453333
45 0.521667 -0.128333 -0.393333
46 0.521667 -0.153333 -0.368333
47 0.555 -0.125 -0.43
48 0.561667 -0.158333 -0.403333
49 0.555 -0.19 -0.365
50 0.538333 -0.221667 -0.316667
51 0.466667 -0.228333 -0.238333
52 0.495 -0.31 -0.185
53 0.538333 -0.341667 -0.196667
54 0.578333 -0.456667 -0.121667
55 0.558333 -0.506667 -0.0516667
56 0.463333 -0.551667 0.0883333
57 0.436667 -0.493333 0.0566667
58 0.381667 -0.458333 0.0766667
59 0.376667 -0.373333 -0.00333333
60 0.356667 -0.533333 0.176667
61 0.433333 -0.471667 0.0383333
62 0.398333 -0.521667 0.123333
63 0.343333 -0.466667 0.123333
64 0.333333 -0.506667 0.173333
65 0.255 -0.555 0.3
66 0.265 -0.535 0.27
67 0.255 -0.6 0.345
68 0.228333 -0.616667 0.388333
69 0.136667 -0.558333 0.421667
70 0.0816667 -0.533333 0.451667
71 0.115 -0.565 0.45
72 0.116667 -0.503333 0.386667
73 0.181667 -0.528333 0.346667
74 0.188333 -0.561667 0.373333
75 0.173333 -0.566667 0.393333
76 0.116667 -0.533333 0.416667
77 0.1 -0.565 0.465
78 0.158333 -0.611667 0.453333
79 0.216667 -0.663333 0.446667
80 0.193333 -0.586667 0.393333
81 0.183333 -0.511667 0.328333
82 0.163333 -0.531667 0.368333
83 0.22 -0.59 0.37
84 0.25 -0.61 0.36
85 0.228333 -0.611667 0.383333
86 0.276667 -0.598333 0.321667
87 0.196667 -0.573333 0.376667
88 0.215 -0.595 0.38
89 0.218333 -0.561667 0.343333
90 0.206667 -0.558333 0.351667
91 0.191667 -0.553333 0.361667
92 0.141667 -0.588333 0.446667
93 0.131667 -0.553333 0.421667
94 0.055 -0.55 0.495
95 0.16 -0.625 0.465
96 0.141667 -0.553333 0.411667
97 0.25 -0.565 0.315
98 0.191667 -0.553333 0.361667
99 0.236667 -0.578333 0.341667
100 0.223333 -0.556667 0.333333
101 0.298333 -0.586667 0.288333
102 0.335 -0.56 0.225
103 0.34 -0.615 0.275
104 0.415 -0.575 0.16
105 0.333333 -0.531667 0.198333
106 0.276667 -0.503333 0.226667
107 0.271667 -0.558333 0.286667
108 0.253333 -0.561667 0.308333
109 0.161667 -0.488333 0.326667
110 0.136667 -0.468333 0.331667
111 0.241667 -0.598333 0.356667
112 0.24 -0.565 0.325
113 0.338333 -0.621667 0.283333
114 0.298333 -0.576667 0.278333
115 0.3 -0.58 0.28
116 0.225 -0.56 0.335
117 0.236667 -0.518333 0.281667
118 0.278333 -0.521667 0.243333
119 0.29 -0.505 0.215
120 0.221667 -0.503333 0.281667
121 0.191667 -0.533333 0.341667
122 0.228333 -0.516667 0.288333
123 0.151667 -0.518333 0.366667
124 0.173333 -0.491667 0.318333
125 0.18 -0.51 0.33
126 0.173333 -0.526667 0.353333
127 0.225 -0.52 0.295
128 0.158333 -0.496667 0.338333
129 0.175 -0.475 0.3
130 0.236667 -0.543333 0.306667
131 0.308333 -0.511667 0.203333
132 0.325 -0.48 0.155
133 0.321667 -0.513333 0.191667
134 0.338333 -0.521667 0.183333
135 0.333333 -0.481667 0.148333
136 0.36 -0.465 0.105
137 0.4 -0.465 0.065
138 0.366667 -0.448333 0.0816667
139 0.423333 -0.381667 -0.0416667
140 0.463333 -0.471667 0.00833333
141 0.378333 -0.521667 0.143333
142 0.363333 -0.426667 0.0633333
143 0.35 -0.46 0.11
144 0.291667 -0.443333 0.151667
145 0.235 -0.375 0.14
146 0.31 -0.405 0.095
147 0.38 -0.52 0.14
148 0.363333 -0.511667 0.148333
149 0.311667 -0.518333 0.206667
150 0.256667 -0.588333 0.331667
151 0.313333 -0.621667 0.308333
152 0.29 -0.53 0.24
153 0.313333 -0.546667 0.233333
154 0.28 -0.57 0.29
155 0.258333 -0.511667 0.253333
156 0.216667 -0.508333 0.291667
157 0.266667 -0.553333 0.286667
158 0.166667 -0.468333 0.301667
159 0.0683333 -0.431667 0.363333
160 0.025 -0.39 0.365
161 0.0816667 -0.393333 0.311667
162 0.123333 -0.391667 0.268333
163 0.268333 -0.511667 0.243333
164 0.203333 -0.501667 0.298333
165 0.196667 -0.498333 0.301667
166 0.195 -0.43 0.235
167 0.215 -0.45 0.235
168 0.271667 -0.488333 0.216667
169 0.31 -0.56 0.25
170 0.228333 -0.491667 0.263333
171 0.216667 -0.428333 0.211667
172 0.281667 -0.478333 0.196667
173 0.368333 -0.501667 0.133333
174 0.408333 -0.391667 -0.0166667
175 0.455 -0.43 -0.025
176 0.458333 -0.416667 -0.0416667
177 0.435 -0.435 -1.66533e-17
178 0.366667 -0.433333 0.0666667
179 0.413333 -0.496667 0.0833333
180 0.345 -0.495 0.15
181 0.311667 -0.533333 0.221667
182 0.328333 -0.546667 0.218333
183 0.363333 -0.536667 0.173333
184 0.405 -0.43 0.025
185 0.426667 -0.483333 0.0566667
186 0.473333 -0.391667 -0.0816667
187 0.441667 -0.368333 -0.0733333
188 0.495 -0.305 -0.19
189 0.511667 -0.288333 -0.223333
190 0.486667 -0.298333 -0.188333
191 0.521667 -0.343333 -0.178333
192 0.495 -0.34 -0.155
193 0.418333 -0.376667 -0.0416667
194 0.478333 -0.301667 -0.176667
195 0.38 -0.245 -0.135
196 0.355 -0.17 -0.185
197 0.431667 -0.188333 -0.243333
198 0.485 -0.23 -0.255
199 0.486667 -0.268333 -0.218333
200 0.49 -0.23 -0.26
