0 -0.0369307
1 -0.12186
2 -0.458323
3 -0.569718
4 -0.741959
5 -0.818321
6 -0.855632
7 -0.86843
8 -0.882315
9 -0.884375
10 -0.880254
11 -0.888822
12 -0.884701
13 -0.888931
14 -0.89826
15 -0.889257
16 -0.875807
17 -0.889583
18 -0.891753
19 -0.871578
20 -0.884375
21 -0.85162
22 -0.833723
23 -0.833832
24 -0.862357
25 -0.878303
26 -0.864853
27 -0.858454
28 -0.88904
29 -0.84023
30 -0.876025
31 -0.913988
32 -0.909541
33 -0.871578
34 -0.84023
35 -0.840013
36 -0.864418
37 -0.85585
38 -0.88058
39 -0.875481
40 -0.889475
41 -0.907046
42 -0.876242
43 -0.873747
44 -0.884919
45 -0.902707
46 -0.87136
47 -0.859862
48 -0.891426
49 -0.893378
50 -0.909541
51 -0.902599
52 -0.859753
53 -0.879602
54 -0.875481
55 -0.897717
56 -0.844895
57 -0.886762
58 -0.858345
59 -0.862249
60 -0.857475
61 -0.86843
62 -0.886762
63 -0.87136
64 -0.890666
65 -0.90249
66 -0.900647
67 -0.900212
68 -0.906285
69 -0.88481
70 -0.904659
71 -0.91594
72 -0.893922
73 -0.884484
74 -0.910949
75 -0.889149
76 -0.893487
77 -0.908563
78 -0.892617
79 -0.871143
80 -0.88058
81 -0.887088
82 -0.862357
83 -0.846629
84 -0.871469
85 -0.826889
86 -0.831445
87 -0.831228
88 -0.864853
89 -0.87559
90 -0.897825
91 -0.909432
92 -0.93362
93 -0.906828
94 -0.908997
95 -0.895221
96 -0.886327
97 -0.899995
98 -0.861814
99 -0.884267
100 -0.862357
101 -0.893704
102 -0.882424
103 -0.868647
104 -0.884593
105 -0.897825
106 -0.888822
107 -0.879385
108 -0.915179
109 -0.895982
110 -0.880146
111 -0.902707
112 -0.891535
113 -0.876133
114 -0.875372
115 -0.860297
116 -0.878194
117 -0.862683
118 -0.886871
119 -0.89197
120 -0.897934
121 -0.884701
122 -0.902272
123 -0.891318
124 -0.88904
125 -0.908671
126 -0.895004
127 -0.891209
128 -0.884593
129 -0.897934
130 -0.900321
131 -0.917892
132 -0.902272
133 -0.88188
134 -0.876133
135 -0.862249
136 -0.862031
137 -0.890883
138 -0.895765
139 -0.880907
140 -0.867239
141 -0.871578
142 -0.858236
143 -0.848907
144 -0.877759
145 -0.908889
146 -0.893596
147 -0.848907
148 -0.883293
149 -0.878085
150 -0.851837
151 -0.884158
152 -0.902381
153 -0.873095
154 -0.86713
155 -0.902381
156 -0.899886
157 -0.866804
158 -0.878303
159 -0.849559
160 -0.860297
161 -0.882206
162 -0.857801
163 -0.875699
164 -0.905311
165 -0.906828
166 -0.891318
167 -0.893378
168 -0.880037
169 -0.87559
170 -0.880689
171 -0.880798
172 -0.856502
173 -0.866587
174 -0.873964
175 -0.908997
176 -0.913227
177 -0.882315
178 -0.880907
179 -0.882967
180 -0.871686
181 -0.873529
182 -0.875699
183 -0.87982
184 -0.851511
185 -0.839904
186 -0.859536
187 -0.84446
188 -0.866913
189 -0.855415
190 -0.882424
191 -0.884701
192 -0.877976
193 -0.860623
194 -0.87136
195 -0.884375
196 -0.897825
197 -0.875699
198 -0.90672
199 -0.889583
200 -0.889257
