0 0.0670821
1 0.040943
2 0.127612
3 0.219376
4 0.327514
5 0.370681
6 0.38587
7 0.380445
8 0.429254
9 0.405828
10 0.436844
11 0.384348
12 0.350071
13 0.32285
14 0.331526
15 0.334887
16 0.365473
17 0.330657
18 0.230004
19 0.196923
20 0.146917
21 0.180434
22 0.232821
23 0.25224
24 0.204295
25 0.193775
26 0.279352
27 0.279461
28 0.311025
29 0.278161
30 0.352892
31 0.303648
32 0.289333
33 0.357774
34 0.362113
35 0.43088
36 0.3043
37 0.295406
38 0.296814
39 0.392699
40 0.453436
41 0.380118
42 0.436409
43 0.423611
44 0.458215
45 0.448451
46 0.467109
47 0.416456
48 0.46494
49 0.520365
50 0.518952
51 0.472747
52 0.468952
53 0.398342
54 0.411574
55 0.312216
56 0.220023
57 0.244862
58 0.262868
59 0.200717
60 0.173274
61 0.190845
62 0.146809
63 0.126851
64 0.15809
65 0.168501
66 0.128368
67 0.188241
68 0.141057
69 0.143879
70 0.046151
71 0.106241
72 0.0471294
73 0.0298845
74 0.0333533
75 -0.0157823
76 -0.0842232
77 -0.100603
78 -0.216228
79 -0.258965
80 -0.320354
81 -0.251913
82 -0.276318
83 -0.261243
84 -0.246058
85 -0.289333
86 -0.239442
87 -0.255708
88 -0.275014
89 -0.22534
90 -0.241715
91 -0.340638
92 -0.279031
93 -0.275557
94 -0.26569
95 -0.328596
96 -0.329031
97 -0.261243
98 -0.289225
99 -0.301049
100 -0.27914
101 -0.259829
102 -0.156464
103 -0.0999511
104 0.0324836
105 -0.0475642
106 -0.0876968
107 -0.114053
108 -0.16937
109 -0.102664
110 -0.0274979
111 -0.087262
112 -0.126851
113 -0.179455
114 -0.231086
115 -0.287273
116 -0.303436
117 -0.261677
118 -0.301375
119 -0.314064
120 -0.375671
121 -0.343563
122 -0.399098
123 -0.346493
124 -0.359617
125 -0.36233
126 -0.431858
127 -0.407562
128 -0.36862
129 -0.373611
130 -0.337925
131 -0.337817
132 -0.286295
133 -0.255274
134 -0.301479
135 -0.324584
136 -0.338143
137 -0.363308
138 -0.388034
139 -0.397581
140 -0.430885
141 -0.504855
142 -0.552473
143 -0.493791
144 -0.43804
145 -0.490535
146 -0.444112
147 -0.405284
148 -0.460819
149 -0.48045
150 -0.391182
151 -0.450734
152 -0.464396
153 -0.483706
154 -0.394003
155 -0.329357
156 -0.263515
157 -0.29172
158 -0.348554
159 -0.348771
160 -0.384892
161 -0.332826
162 -0.238137
163 -0.198548
164 -0.260269
165 -0.30387
166 -0.290203
167 -0.189871
168 -0.171757
169 -0.177938
170 -0.234664
171 -0.284234
172 -0.197575
173 -0.179025
174 -0.225557
175 -0.282826
176 -0.346493
177 -0.300288
178 -0.329683
179 -0.349858
180 -0.360704
181 -0.398342
182 -0.369055
183 -0.398233
184 -0.326106
185 -0.364391
186 -0.309726
187 -0.310699
188 -0.226422
189 -0.242906
190 -0.216663
191 -0.183364
192 -0.136724
193 -0.198005
194 -0.280222
195 -0.233364
196 -0.174465
197 -0.257117
198 -0.278161
199 -0.215902
200 -0.259503
