0 0.537284
1 0.454523
2 0.259068
3 0.188784
4 0.132059
5 0.178482
6 0.0195771
7 0.0910519
8 0.0651352
9 0.105915
10 -0.0351963
11 -0.0409479
12 -0.0481028
13 -0.103746
14 -0.111667
15 -0.0119825
16 -0.0873707
17 -0.051033
18 0.0404044
19 -0.0270631
20 0.0373655
21 0.0150213
22 0.0472381
23 0.0835759
24 0.153104
25 0.112754
26 0.189871
27 0.246379
28 0.18499
29 0.0729424
30 -0.0080789
31 0.0540718
32 0.056241
33 0.00818761
34 0.0230508
35 -0.0430084
36 0.0215339
37 0.020012
38 0.0234807
39 -0.0718602
40 -0.0691475
41 0.0141566
42 -0.0584102
43 -0.0318363
44 -0.0532022
45 0.0112265
46 0.0496247
47 -0.0203381
48 -0.00558358
49 0.0408392
50 -0.00797019
51 -0.00189743
52 0.0247852
53 0.0357399
54 0.123056
55 0.189871
56 0.114271
57 0.0773895
58 0.067843
59 -0.0338968
60 -0.141927
61 -0.092895
62 -0.0548278
63 -0.0598185
64 -0.0325923
65 -0.0287975
66 0.000597888
67 0.0811893
68 0.0852015
69 0.0227247
70 0.0782591
71 0.089866
72 0.134228
73 0.170784
74 0.109063
75 0.102229
76 0.0397521
77 0.0237031
78 0.0233769
79 0.0883441
80 0.0606832
81 -0.0322711
82 -0.00873114
83 0.0266283
84 0.0341142
85 0.0641569
86 0.0341093
87 0.132163
88 0.0882354
89 0.0888877
90 0.0434383
91 0.0119825
92 0.00482758
93 -0.0225073
94 0.0548278
95 -0.00612712
96 0.0501682
97 -0.0168644
98 0.0964823
99 -0.00493628
100 -0.0244591
101 -0.076416
102 -0.0391048
103 -0.0270631
104 -0.0439818
105 -0.0165432
106 -0.082054
107 -0.129885
108 -0.148434
109 -0.0509243
110 -0.133141
111 -0.0376917
112 -0.100816
113 -0.0998424
114 -0.119583
115 -0.137806
116 -0.0780417
117 -0.044308
118 -0.0243504
119 0.0933348
120 0.046151
121 0.039426
122 0.0392086
123 0.0755464
124 0.0858488
125 0.118283
126 0.0409479
127 0.101903
128 0.118822
129 -0.00623582
130 -0.0409479
131 -0.018495
132 -0.0112265
133 0.0171905
134 0.0274979
135 -0.0140479
136 0.068604
137 0.0635096
138 0.0512504
139 0.0162171
140 -0.0465859
141 -0.122078
142 -0.185419
143 -0.190084
144 -0.0318363
145 0.0399696
146 0.0676305
147 -0.00341439
148 0.0201207
149 -0.0223986
150 0.00645324
151 0.00656195
152 0.0853102
153 0.0858488
154 0.136289
155 0.127503
156 0.0575406
157 0.0496247
158 0.0804283
159 0.0688214
160 0.0940957
161 0.0714254
162 -0.00417533
163 -0.0830323
164 -0.0645917
165 -0.0400783
166 0.040943
167 0.00992198
168 0.0447378
169 0.100929
170 0.0650265
171 -0.0530935
172 -0.0466946
173 -0.064483
174 0.0739207
175 -0.00309321
176 -0.0261934
177 -0.0396434
178 0.0500595
179 0.00276709
180 -0.0620964
181 0.00873114
182 0.00439275
183 -0.0818366
184 -0.0935522
185 -0.0481078
186 -0.0193597
187 -0.0979993
188 -0.0971346
189 -0.227183
190 -0.133576
191 -0.103963
192 -0.0631785
193 0.0144778
194 0.0129608
195 0.00254967
196 -0.00244096
197 0.0119874
198 -0.0605794
199 0.0789113
200 0.0599272
