0 0.0366667 0.00166667 -0.0383333
1 0.0416667 -0.0933333 0.0516667
2 0.055 -0.155 0.1
3 0.0733333 -0.0966667 0.0233333
4 0.123333 -0.0816667 -0.0416667
5 0.181667 -0.00333333 -0.178333
6 0.115 0.005 -0.12
7 0.015 0.06 -0.075
8 -0.0116667 0.133333 -0.121667
9 -0.02 0.1 -0.08
10 -0.143333 0.0916667 0.0516667
11 -0.045 -0.045 0.09
12 0.04 -0.095 0.055
13 0.116667 -0.123333 0.00666667
14 0.0583333 -0.0216667 -0.0366667
15 0.075 -0.055 -0.02
16 0.136667 -0.0733333 -0.0633333
17 0.0833333 -0.106667 0.0233333
18 0.0483333 -0.0716667 0.0233333
19 0.0183333 0.0133333 -0.0316667
20 0.055 -0.08 0.025
21 0.00666667 -0.0233333 0.0166667
22 -0.0616667 0.138333 -0.0766667
23 -0.138333 0.116667 0.0216667
24 -0.0466667 0.0433333 0.00333333
25 -0.015 0.035 -0.02
26 0.11 -0.085 -0.025
27 0.0533333 -0.0366667 -0.0166667
28 -0.03 0.06 -0.03
29 -0.0216667 0.113333 -0.0916667
30 -0.00333333 0.146667 -0.143333
31 0.0116667 0.141667 -0.153333
32 -0.0566667 0.128333 -0.0716667
33 0.0116667 0.0266667 -0.0383333
34 -0.0283333 0.0166667 0.0116667
35 -0.0766667 0.00833333 0.0683333
36 -0.0616667 -0.0216667 0.0833333
37 -0.01 -0.075 0.085
38 0.0416667 -0.0683333 0.0266667
39 0.138333 -0.0516667 -0.0866667
40 0.223333 -0.0916667 -0.131667
41 0.118333 -0.0166667 -0.101667
42 0.113333 0.0683333 -0.181667
43 -0.015 0.075 -0.06
44 -0.0266667 0.0983333 -0.0716667
45 0.02 0.05 -0.07
46 -0.00666667 -0.0266667 0.0333333
47 0.025 -0.04 0.015
48 0.116667 -0.0283333 -0.0883333
49 0.136667 -0.133333 -0.00333333
50 0.0466667 -0.0283333 -0.0183333
51 -0.0116667 0.00833333 0.00333333
52 -0.0166667 -0.0266667 0.0433333
53 -0.0533333 -0.0383333 0.0916667
54 0.045 -0.04 -0.005
55 -0.0533333 -0.0183333 0.0716667
56 -0.01 0.005 0.005
57 -0.0533333 0.0266667 0.0266667
58 -0.04 0.025 0.015
59 -0.0433333 0.0516667 -0.00833333
60 -0.0383333 0.0116667 0.0266667
61 -0.108333 -0.0283333 0.136667
62 -0.0633333 -0.0633333 0.126667
63 -0.0266667 -0.0616667 0.0883333
64 -0.0333333 -0.0833333 0.116667
65 -0.025 -0.075 0.1
66 0.0183333 0.0333333 -0.0516667
67 0.0933333 -0.0216667 -0.0716667
68 0.0583333 -0.0266667 -0.0316667
69 0.01 0.005 -0.015
70 -0.00666667 0.0583333 -0.0516667
71 -0.0383333 0.0566667 -0.0183333
72 -0.055 0.035 0.02
73 0.0316667 0.0616667 -0.0933333
74 0.0183333 0.0533333 -0.0716667
75 0.00833333 0.0583333 -0.0666667
76 0.00666667 0.0416667 -0.0483333
77 0.015 0.025 -0.04
78 -0.0483333 0.0866667 -0.0383333
79 0.0216667 0.0116667 -0.0333333
80 0.0233333 0.0683333 -0.0916667
81 0.01 0.035 -0.045
82 0.05 -0.045 -0.005
83 -0.015 -0.06 0.075
84 0.00333333 -0.0216667 0.0183333
85 0.04 0.025 -0.065
86 0.105 -0.095 -0.01
87 0.175 -0.085 -0.09
88 0.14 -0.08 -0.06
89 0.08 -0.075 -0.005
90 0.0583333 -0.0816667 0.0233333
91 0.0983333 -0.0716667 -0.0266667
92 0.136667 0.0116667 -0.148333
93 0.0983333 0.00833333 -0.106667
94 0.0566667 0.0566667 -0.113333
95 0.00833333 0.0333333 -0.0416667
96 -0.005 -0.015 0.02
97 0.0683333 -0.00666667 -0.0616667
98 0.0633333 -0.0166667 -0.0466667
99 0.0116667 -0.0283333 0.0166667
100 -0.0766667 -0.0716667 0.148333
101 -0.0416667 -0.00166667 0.0433333
102 -0.0716667 0.0583333 0.0133333
103 -0.0416667 0.0483333 -0.00666667
104 0.0166667 0.0966667 -0.113333
105 -0.0566667 0.128333 -0.0716667
106 -0.123333 0.231667 -0.108333
107 -0.0883333 0.211667 -0.123333
108 0.055 0.08 -0.135
109 0.0833333 0.0333333 -0.116667
110 -8.21565e-17 0.06 -0.06
111 -0.0666667 0.143333 -0.0766667
112 0.00333333 0.0333333 -0.0366667
113 -0.0333333 0.0516667 -0.0183333
114 0.00333333 0.0633333 -0.0666667
115 -0.0466667 0.0283333 0.0183333
116 0.00833333 -0.0616667 0.0533333
117 0.0316667 0.00666667 -0.0383333
118 0.0166667 -0.0283333 0.0116667
119 0.0916667 -0.0133333 -0.0783333
120 0.015 -0.005 -0.01
121 0.0233333 -0.0566667 0.0333333
122 -0.0216667 0.0683333 -0.0466667
123 -0.0833333 0.121667 -0.0383333
124 -0.16 0.185 -0.025
125 -0.13 0.17 -0.04
126 -0.141667 0.143333 -0.00166667
127 -0.111667 0.0683333 0.0433333
128 -0.0316667 0.0283333 0.00333333
129 -0.0266667 0.0133333 0.0133333
130 -0.0983333 0.0366667 0.0616667
131 0.0433333 -0.0816667 0.0383333
132 0.0966667 -0.138333 0.0416667
133 0.165 -0.205 0.04
134 0.0316667 -0.118333 0.0866667
135 0.00833333 -0.0166667 0.00833333
136 -0.00333333 0.00666667 -0.00333333
137 -0.015 -0.015 0.03
138 -3.23352e-17 -0.005 0.005
139 0.015 0.035 -0.05
140 0.005 0.065 -0.07
141 0.025 0.06 -0.085
142 0.14 -0.02 -0.12
143 0.12 0.04 -0.16
144 0.156667 0.0216667 -0.178333
145 0.0883333 0.0333333 -0.121667
146 0.125 -0.02 -0.105
147 0.03 -0.02 -0.01
148 0.015 3.33067e-18 -0.015
149 0.07 -0.01 -0.06
150 0.0133333 0.0283333 -0.0416667
151 0.0616667 -0.0583333 -0.00333333
152 0.09 -0.07 -0.02
153 0.095 0.025 -0.12
154 0.126667 -0.0333333 -0.0933333
155 0.21 -0.085 -0.125
156 0.0933333 -0.0166667 -0.0766667
157 0.168333 -0.0916667 -0.0766667
158 0.18 -0.125 -0.055
159 0.161667 -0.158333 -0.00333333
160 0.005 -0.095 0.09
161 -0.0216667 0.0133333 0.00833333
162 -0.0633333 0.00166667 0.0616667
163 0.0333333 -0.116667 0.0833333
164 0.02 -0.075 0.055
165 0.1 -0.145 0.045
166 0.03 -0.205 0.175
167 0.0916667 -0.178333 0.0866667
168 0.165 -0.205 0.04
169 0.14 -0.075 -0.065
170 0.02 0.045 -0.065
171 0.0183333 0.0583333 -0.0766667
172 -0.05 0.02 0.03
173 0.0133333 -0.0866667 0.0733333
174 0.02 -0.16 0.14
175 0.00166667 -0.0983333 0.0966667
176 -0.00333333 -0.0633333 0.0666667
177 0.015 -0.07 0.055
178 0.0183333 -0.121667 0.103333
179 -0.0783333 -0.0133333 0.0916667
180 -0.01 0.015 -0.005
181 -0.0683333 0.0666667 0.00166667
182 -0.0583333 0.0516667 0.00666667
183 0.0316667 -0.0733333 0.0416667
184 0.0566667 -0.0733333 0.0166667
185 0.12 0.01 -0.13
186 0.188333 -0.0466667 -0.141667
187 0.035 0.01 -0.045
188 -0.00833333 0.116667 -0.108333
189 -0.14 0.27 -0.13
190 -0.161667 0.208333 -0.0466667
191 -0.195 0.27 -0.075
192 -0.223333 0.156667 0.0666667
193 -0.155 0.05 0.105
194 -0.105 0.005 0.1
195 -0.08 0.02 0.06
196 -0.0133333 -0.00833333 0.0216667
197 -0.075 0.015 0.06
198 -0.13 0.13 2.13718e-17
199 -0.0266667 0.0583333 -0.0316667
200 -0.0483333 0.0266667 0.0216667
