0 -0.361667 -0.326667 0.688333
1 -0.38 -0.4 0.78
2 -0.398333 -0.443333 0.841667
3 -0.423333 -0.453333 0.876667
4 -0.448333 -0.453333 0.901667
5 -0.433333 -0.488333 0.921667
6 -0.425 -0.485 0.91
7 -0.436667 -0.481667 0.918333
8 -0.441667 -0.446667 0.888333
9 -0.433333 -0.488333 0.921667
10 -0.428333 -0.493333 0.921667
11 -0.445 -0.475 0.92
12 -0.451667 -0.466667 0.918333
13 -0.433333 -0.478333 0.911667
14 -0.456667 -0.456667 0.913333
15 -0.466667 -0.446667 0.913333
16 -0.458333 -0.433333 0.891667
17 -0.443333 -0.458333 0.901667
18 -0.438333 -0.493333 0.931667
19 -0.446667 -0.471667 0.918333
20 -0.445 -0.47 0.915
21 -0.405 -0.485 0.89
22 -0.45 -0.445 0.895
23 -0.47 -0.45 0.92
24 -0.458333 -0.453333 0.911667
25 -0.453333 -0.473333 0.926667
26 -0.456667 -0.476667 0.933333
27 -0.425 -0.485 0.91
28 -0.443333 -0.473333 0.916667
29 -0.485 -0.435 0.92
30 -0.495 -0.435 0.93
31 -0.488333 -0.443333 0.931667
32 -0.466667 -0.456667 0.923333
33 -0.458333 -0.468333 0.926667
34 -0.458333 -0.468333 0.926667
35 -0.46 -0.475 0.935
36 -0.456667 -0.486667 0.943333
37 -0.483333 -0.438333 0.921667
38 -0.435 -0.485 0.92
39 -0.431667 -0.491667 0.923333
40 -0.453333 -0.473333 0.926667
41 -0.46 -0.475 0.935
42 -0.468333 -0.473333 0.941667
43 -0.476667 -0.451667 0.928333
44 -0.455 -0.48 0.935
45 -0.451667 -0.471667 0.923333
46 -0.445 -0.49 0.935
47 -0.493333 -0.423333 0.916667
48 -0.496667 -0.421667 0.918333
49 -0.511667 -0.416667 0.928333
50 -0.49 -0.445 0.935
51 -0.466667 -0.461667 0.928333
52 -0.483333 -0.413333 0.896667
53 -0.473333 -0.443333 0.916667
54 -0.47 -0.445 0.915
55 -0.478333 -0.438333 0.916667
56 -0.468333 -0.448333 0.916667
57 -0.416667 -0.491667 0.908333
58 -0.385 -0.51 0.895
59 -0.408333 -0.473333 0.881667
60 -0.456667 -0.456667 0.913333
61 -0.453333 -0.473333 0.926667
62 -0.456667 -0.446667 0.903333
63 -0.493333 -0.398333 0.891667
64 -0.531667 -0.376667 0.908333
65 -0.486667 -0.441667 0.928333
66 -0.493333 -0.443333 0.936667
67 -0.493333 -0.428333 0.921667
68 -0.475 -0.445 0.92
69 -0.49 -0.425 0.915
70 -0.475 -0.45 0.925
71 -0.468333 -0.468333 0.936667
72 -0.468333 -0.478333 0.946667
73 -0.476667 -0.476667 0.953333
74 -0.475 -0.475 0.95
75 -0.455 -0.47 0.925
76 -0.465 -0.45 0.915
77 -0.48 -0.415 0.895
78 -0.46 -0.445 0.905
79 -0.485 -0.415 0.9
80 -0.481667 -0.451667 0.933333
81 -0.47 -0.445 0.915
82 -0.481667 -0.451667 0.933333
83 -0.488333 -0.428333 0.916667
84 -0.488333 -0.433333 0.921667
85 -0.488333 -0.448333 0.936667
86 -0.461667 -0.456667 0.918333
87 -0.461667 -0.456667 0.918333
88 -0.465 -0.455 0.92
89 -0.476667 -0.446667 0.923333
90 -0.478333 -0.453333 0.931667
91 -0.465 -0.475 0.94
92 -0.433333 -0.498333 0.931667
93 -0.418333 -0.513333 0.931667
94 -0.421667 -0.506667 0.928333
95 -0.453333 -0.478333 0.931667
96 -0.481667 -0.451667 0.933333
97 -0.455 -0.455 0.91
98 -0.443333 -0.473333 0.916667
99 -0.458333 -0.473333 0.931667
100 -0.466667 -0.446667 0.913333
101 -0.495 -0.44 0.935
102 -0.461667 -0.471667 0.933333
103 -0.476667 -0.461667 0.938333
104 -0.483333 -0.458333 0.941667
105 -0.478333 -0.448333 0.926667
106 -0.493333 -0.448333 0.941667
107 -0.466667 -0.451667 0.918333
108 -0.45 -0.48 0.93
109 -0.466667 -0.461667 0.928333
110 -0.46 -0.44 0.9
111 -0.436667 -0.481667 0.918333
112 -0.43 -0.495 0.925
113 -0.453333 -0.468333 0.921667
114 -0.421667 -0.506667 0.928333
115 -0.46 -0.48 0.94
116 -0.446667 -0.461667 0.908333
117 -0.461667 -0.466667 0.928333
118 -0.475 -0.445 0.92
119 -0.466667 -0.446667 0.913333
120 -0.448333 -0.458333 0.906667
121 -0.443333 -0.468333 0.911667
122 -0.443333 -0.478333 0.921667
123 -0.483333 -0.458333 0.941667
124 -0.476667 -0.456667 0.933333
125 -0.455 -0.47 0.925
126 -0.413333 -0.493333 0.906667
127 -0.441667 -0.471667 0.913333
128 -0.438333 -0.483333 0.921667
129 -0.47 -0.47 0.94
130 -0.478333 -0.458333 0.936667
131 -0.49 -0.445 0.935
132 -0.473333 -0.458333 0.931667
133 -0.445 -0.455 0.9
134 -0.445 -0.45 0.895
135 -0.465 -0.43 0.895
136 -0.43 -0.48 0.91
137 -0.44 -0.46 0.9
138 -0.468333 -0.433333 0.901667
139 -0.478333 -0.443333 0.921667
140 -0.483333 -0.443333 0.926667
141 -0.493333 -0.433333 0.926667
142 -0.433333 -0.458333 0.891667
143 -0.453333 -0.463333 0.916667
144 -0.496667 -0.431667 0.928333
145 -0.481667 -0.426667 0.908333
146 -0.481667 -0.416667 0.898333
147 -0.468333 -0.433333 0.901667
148 -0.456667 -0.451667 0.908333
149 -0.465 -0.445 0.91
150 -0.513333 -0.418333 0.931667
151 -0.493333 -0.448333 0.941667
152 -0.495 -0.435 0.93
153 -0.491667 -0.471667 0.963333
154 -0.476667 -0.441667 0.918333
155 -0.433333 -0.478333 0.911667
156 -0.448333 -0.473333 0.921667
157 -0.463333 -0.473333 0.936667
158 -0.465 -0.47 0.935
159 -0.48 -0.445 0.925
160 -0.476667 -0.456667 0.933333
161 -0.5 -0.425 0.925
162 -0.516667 -0.411667 0.928333
163 -0.515 -0.41 0.925
164 -0.488333 -0.453333 0.941667
165 -0.501667 -0.436667 0.938333
166 -0.496667 -0.416667 0.913333
167 -0.466667 -0.446667 0.913333
168 -0.495 -0.445 0.94
169 -0.45 -0.475 0.925
170 -0.468333 -0.438333 0.906667
171 -0.48 -0.44 0.92
172 -0.441667 -0.476667 0.918333
173 -0.433333 -0.463333 0.896667
174 -0.388333 -0.508333 0.896667
175 -0.398333 -0.498333 0.896667
176 -0.441667 -0.491667 0.933333
177 -0.478333 -0.453333 0.931667
178 -0.47 -0.46 0.93
179 -0.478333 -0.448333 0.926667
180 -0.465 -0.465 0.93
181 -0.491667 -0.451667 0.943333
182 -0.491667 -0.431667 0.923333
183 -0.471667 -0.441667 0.913333
184 -0.468333 -0.458333 0.926667
185 -0.473333 -0.443333 0.916667
186 -0.486667 -0.436667 0.923333
187 -0.431667 -0.486667 0.918333
188 -0.461667 -0.461667 0.923333
189 -0.483333 -0.463333 0.946667
190 -0.465 -0.445 0.91
191 -0.465 -0.47 0.935
192 -0.456667 -0.481667 0.938333
193 -0.463333 -0.448333 0.911667
194 -0.418333 -0.483333 0.901667
195 -0.425 -0.48 0.905
196 -0.425 -0.49 0.915
197 -0.421667 -0.471667 0.893333
198 -0.445 -0.475 0.92
199 -0.463333 -0.463333 0.926667
200 -0.478333 -0.453333 0.931667
