0 -0.361667 -0.326667 0.688333
1 -0.291667 -0.196667 0.488333
2 -0.278333 -0.0983333 0.376667
3 -0.186667 -0.141667 0.328333
4 -0.16 -0.145 0.305
5 -0.128333 -0.118333 0.246667
6 -0.0166667 -0.201667 0.218333
7 -0.113333 -0.0983333 0.211667
8 -0.13 -0.03 0.16
9 -0.145 0.015 0.13
10 -0.0883333 -0.0333333 0.121667
11 -0.0983333 -0.0383333 0.136667
12 -0.0466667 -0.0216667 0.0683333
13 0.00666667 -0.0783333 0.0716667
14 -0.00166667 -0.0716667 0.0733333
15 -0.0466667 0.0633333 -0.0166667
16 -0.0583333 0.0116667 0.0466667
17 -0.0416667 -0.0366667 0.0783333
18 -0.03 0.005 0.025
19 -0.0516667 0.0183333 0.0333333
20 -0.01 0.06 -0.05
21 -0.0533333 0.0416667 0.0116667
22 -0.075 0.055 0.02
23 -0.065 0.07 -0.005
24 -0.158333 0.126667 0.0316667
25 -0.131667 0.123333 0.00833333
26 -0.173333 0.0766667 0.0966667
27 -0.108333 0.0466667 0.0616667
28 -0.0733333 -0.0283333 0.101667
29 -0.065 -0.015 0.08
30 0.00166667 -0.0483333 0.0466667
31 0.0433333 -0.0416667 -0.00166667
32 -0.035 -8.46545e-18 0.035
33 -0.0216667 0.0283333 -0.00666667
34 0.00833333 0.0783333 -0.0866667
35 0.09 -0.065 -0.025
36 0.05 -0.11 0.06
37 -0.0466667 -0.106667 0.153333
38 0.025 0.02 -0.045
39 -0.00166667 -0.0416667 0.0433333
40 0.03 -0.065 0.035
41 0.13 -0.115 -0.015
42 0.116667 -0.223333 0.106667
43 0.11 -0.19 0.08
44 0.03 -0.19 0.16
45 0.005 -0.105 0.1
46 0.0166667 -0.138333 0.121667
47 0.105 -0.12 0.015
48 0.0516667 -0.0283333 -0.0233333
49 0.0383333 0.0783333 -0.116667
50 0.0783333 0.0583333 -0.136667
51 0.115 -0.04 -0.075
52 0.128333 -0.0516667 -0.0766667
53 0.0166667 -0.0183333 0.00166667
54 0.01 -0.125 0.115
55 0.0616667 -0.133333 0.0716667
56 0.175 -0.15 -0.025
57 0.146667 -0.113333 -0.0333333
58 0.115 -0.03 -0.085
59 0.1 -0.1 -2.52576e-17
60 0.15 -0.215 0.065
61 0.17 -0.115 -0.055
62 0.0366667 -0.0183333 -0.0183333
63 0.0733333 -0.0266667 -0.0466667
64 0.14 -0.01 -0.13
65 0.196667 -0.0383333 -0.158333
66 0.138333 0.0133333 -0.151667
67 0.06 0.025 -0.085
68 0.0416667 0.0516667 -0.0933333
69 -0.115 0.135 -0.02
70 -0.05 0.205 -0.155
71 0.00166667 0.146667 -0.148333
72 0.00833333 0.0333333 -0.0416667
73 0.075 0.04 -0.115
74 0.105 0.03 -0.135
75 0.145 -0.01 -0.135
76 0.136667 -0.0383333 -0.0983333
77 0.0883333 -0.0116667 -0.0766667
78 0.105 -0.01 -0.095
79 -0.0116667 0.00333333 0.00833333
80 0.0216667 -0.0883333 0.0666667
81 0.04 -0.14 0.1
82 -0.0433333 -0.158333 0.201667
83 -0.0383333 -0.143333 0.181667
84 0.00833333 -0.0566667 0.0483333
85 -0.0483333 -0.0383333 0.0866667
86 0.005 -0.135 0.13
87 -0.05 -0.1 0.15
88 -0.0816667 -0.0616667 0.143333
89 0.0166667 -0.173333 0.156667
90 -0.0783333 -0.0683333 0.146667
91 -0.105 0.03 0.075
92 -0.08 0.035 0.045
93 -0.0916667 0.103333 -0.0116667
94 -0.045 -0.05 0.095
95 0.113333 -0.111667 -0.00166667
96 0.13 -0.15 0.02
97 0.0666667 -0.113333 0.0466667
98 0.0683333 -0.111667 0.0433333
99 0.116667 -0.0933333 -0.0233333
100 0.055 -0.06 0.005
101 0.0516667 0.0116667 -0.0633333
102 -0.0133333 -0.00833333 0.0216667
103 0.0433333 -0.0216667 -0.0216667
104 0.136667 -0.0583333 -0.0783333
105 0.156667 -0.0333333 -0.123333
106 0.0266667 -0.0333333 0.00666667
107 -0.055 -0.025 0.08
108 -0.0366667 -0.0666667 0.103333
109 -0.106667 -0.101667 0.208333
110 0.00333333 -0.0866667 0.0833333
111 -0.11 -0.01 0.12
112 -0.0266667 -0.0416667 0.0683333
113 -0.0933333 0.126667 -0.0333333
114 -0.0866667 0.113333 -0.0266667
115 0.0116667 0.0916667 -0.103333
116 -0.0366667 0.0983333 -0.0616667
117 -0.04 0.025 0.015
118 0.065 -0.045 -0.02
119 -0.0233333 0.0216667 0.00166667
120 0.0683333 -0.0766667 0.00833333
121 0.045 -0.06 0.015
122 0.108333 -0.0816667 -0.0266667
123 0.146667 -0.113333 -0.0333333
124 0.0133333 -0.0566667 0.0433333
125 0.0533333 -0.00166667 -0.0516667
126 0.0816667 0.0316667 -0.113333
127 0.0366667 0.0766667 -0.113333
128 -0.0216667 0.0683333 -0.0466667
129 -0.075 0.06 0.015
130 -0.0833333 0.0816667 0.00166667
131 -0.0383333 0.0866667 -0.0483333
132 -0.06 0.005 0.055
133 -0.0583333 0.0416667 0.0166667
134 0.0383333 0.0733333 -0.111667
135 0.065 0.04 -0.105
136 0.136667 -0.0283333 -0.108333
137 0.135 -0.125 -0.01
138 0.146667 -0.0833333 -0.0633333
139 0.0916667 -0.0983333 0.00666667
140 -0.005 -0.01 0.015
141 0.0866667 -0.0383333 -0.0483333
142 0.0516667 0.00166667 -0.0533333
143 0.07 0.035 -0.105
144 0.0483333 0.0283333 -0.0766667
145 0.085 -0.01 -0.075
146 0.00166667 0.0566667 -0.0583333
147 0.045 0.095 -0.14
148 -0.0266667 0.138333 -0.111667
149 0.0316667 0.0916667 -0.123333
150 0.01 0.12 -0.13
151 0.0583333 -0.0566667 -0.00166667
152 0.00833333 -0.0416667 0.0333333
153 0.0233333 -0.0166667 -0.00666667
154 0.0516667 -0.0733333 0.0216667
155 0.0166667 -0.00333333 -0.0133333
156 0.00666667 0.0316667 -0.0383333
157 -0.03 0.06 -0.03
158 -0.00166667 0.0183333 -0.0166667
159 0.005 -0.01 0.005
160 -0.03 0.015 0.015
161 -0.0333333 0.00166667 0.0316667
162 -0.0683333 -0.0383333 0.106667
163 -0.0116667 -0.0966667 0.108333
164 -0.0633333 -0.0283333 0.0916667
165 0.005 -0.045 0.04
166 -0.0916667 0.0533333 0.0383333
167 -0.0733333 0.0616667 0.0116667
168 -0.0783333 0.0766667 0.00166667
169 -0.0683333 0.0166667 0.0516667
170 -0.0883333 -0.0283333 0.116667
171 -0.05 -0.08 0.13
172 -0.0116667 -0.0816667 0.0933333
173 0.015 -0.075 0.06
174 -0.0116667 -0.0266667 0.0383333
175 -0.095 -0.075 0.17
176 -0.065 -0.08 0.145
177 -0.0733333 0.0566667 0.0166667
178 0.03 -0.05 0.02
179 0.0316667 0.00666667 -0.0383333
180 0.0133333 0.0333333 -0.0466667
181 0.0466667 -0.00833333 -0.0383333
182 -0.0383333 0.171667 -0.133333
183 0.0116667 0.0716667 -0.0833333
184 0.0766667 -0.0733333 -0.00333333
185 0.0583333 -0.0816667 0.0233333
186 0.0683333 -0.0516667 -0.0166667
187 0.0133333 -0.0866667 0.0733333
188 0.0616667 -0.0983333 0.0366667
189 0.0733333 -0.0616667 -0.0116667
190 0.0216667 -0.168333 0.146667
191 0.065 -0.155 0.09
192 -0.0533333 -0.0633333 0.116667
193 -0.075 0.08 -0.005
194 -0.095 0.05 0.045
195 -0.0166667 0.0983333 -0.0816667
196 0.128333 -0.0666667 -0.0616667
197 0.0716667 -0.0233333 -0.0483333
198 -0.0316667 -0.0416667 0.0733333
199 -0.00166667 -0.0466667 0.0483333
200 0.0166667 -0.0433333 0.0266667
