0 0.065 -0.05 -0.015
1 0.405 -0.13 -0.275
2 0.681667 -0.243333 -0.438333
3 0.806667 -0.283333 -0.523333
4 0.853333 -0.346667 -0.506667
5 0.906667 -0.388333 -0.518333
6 0.935 -0.45 -0.485
7 0.911667 -0.428333 -0.483333
8 0.925 -0.435 -0.49
9 0.941667 -0.423333 -0.518333
10 0.928333 -0.431667 -0.496667
11 0.931667 -0.433333 -0.498333
12 0.915 -0.39 -0.525
13 0.925 -0.43 -0.495
14 0.931667 -0.458333 -0.473333
15 0.948333 -0.461667 -0.486667
16 0.94 -0.485 -0.455
17 0.93 -0.49 -0.44
18 0.913333 -0.461667 -0.451667
19 0.885 -0.465 -0.42
20 0.903333 -0.456667 -0.446667
21 0.915 -0.47 -0.445
22 0.926667 -0.458333 -0.468333
23 0.926667 -0.468333 -0.458333
24 0.913333 -0.461667 -0.451667
25 0.905 -0.44 -0.465
26 0.91 -0.445 -0.465
27 0.925 -0.44 -0.485
28 0.923333 -0.441667 -0.481667
29 0.893333 -0.416667 -0.476667
30 0.916667 -0.438333 -0.478333
31 0.896667 -0.443333 -0.453333
32 0.91 -0.435 -0.475
33 0.883333 -0.471667 -0.411667
34 0.918333 -0.486667 -0.431667
35 0.921667 -0.473333 -0.448333
36 0.93 -0.48 -0.45
37 0.92 -0.455 -0.465
38 0.93 -0.455 -0.475
39 0.928333 -0.456667 -0.471667
40 0.925 -0.435 -0.49
41 0.93 -0.43 -0.5
42 0.91 -0.415 -0.495
43 0.93 -0.45 -0.48
44 0.915 -0.435 -0.48
45 0.928333 -0.476667 -0.451667
46 0.926667 -0.458333 -0.468333
47 0.913333 -0.436667 -0.476667
48 0.933333 -0.471667 -0.461667
49 0.93 -0.485 -0.445
50 0.92 -0.485 -0.435
51 0.915 -0.49 -0.425
52 0.93 -0.465 -0.465
53 0.926667 -0.438333 -0.488333
54 0.925 -0.45 -0.475
55 0.936667 -0.453333 -0.483333
56 0.92 -0.455 -0.465
57 0.933333 -0.476667 -0.456667
58 0.938333 -0.461667 -0.476667
59 0.93 -0.445 -0.485
60 0.94 -0.48 -0.46
61 0.936667 -0.498333 -0.438333
62 0.938333 -0.476667 -0.461667
63 0.923333 -0.426667 -0.496667
64 0.931667 -0.448333 -0.483333
65 0.946667 -0.438333 -0.508333
66 0.925 -0.435 -0.49
67 0.916667 -0.438333 -0.478333
68 0.913333 -0.421667 -0.491667
69 0.925 -0.455 -0.47
70 0.938333 -0.451667 -0.486667
71 0.923333 -0.461667 -0.461667
72 0.913333 -0.456667 -0.456667
73 0.908333 -0.421667 -0.486667
74 0.918333 -0.421667 -0.496667
75 0.903333 -0.436667 -0.466667
76 0.888333 -0.401667 -0.486667
77 0.888333 -0.416667 -0.471667
78 0.901667 -0.423333 -0.478333
79 0.913333 -0.456667 -0.456667
80 0.925 -0.44 -0.485
81 0.928333 -0.456667 -0.471667
82 0.916667 -0.438333 -0.478333
83 0.923333 -0.451667 -0.471667
84 0.943333 -0.476667 -0.466667
85 0.948333 -0.481667 -0.466667
86 0.941667 -0.493333 -0.448333
87 0.94 -0.48 -0.46
88 0.92 -0.495 -0.425
89 0.921667 -0.473333 -0.448333
90 0.918333 -0.441667 -0.476667
91 0.935 -0.455 -0.48
92 0.925 -0.445 -0.48
93 0.93 -0.425 -0.505
94 0.905 -0.4 -0.505
95 0.921667 -0.443333 -0.478333
96 0.93 -0.48 -0.45
97 0.913333 -0.476667 -0.436667
98 0.925 -0.485 -0.44
99 0.935 -0.495 -0.44
100 0.921667 -0.453333 -0.468333
101 0.9 -0.465 -0.435
102 0.896667 -0.458333 -0.438333
103 0.93 -0.425 -0.505
104 0.915 -0.435 -0.48
105 0.903333 -0.431667 -0.471667
106 0.898333 -0.406667 -0.491667
107 0.896667 -0.428333 -0.468333
108 0.916667 -0.483333 -0.433333
109 0.916667 -0.468333 -0.448333
110 0.931667 -0.478333 -0.453333
111 0.921667 -0.483333 -0.438333
112 0.913333 -0.481667 -0.431667
113 0.891667 -0.468333 -0.423333
114 0.911667 -0.448333 -0.463333
115 0.89 -0.405 -0.485
116 0.893333 -0.416667 -0.476667
117 0.918333 -0.416667 -0.501667
118 0.916667 -0.423333 -0.493333
119 0.906667 -0.433333 -0.473333
120 0.921667 -0.443333 -0.478333
121 0.921667 -0.453333 -0.468333
122 0.921667 -0.458333 -0.463333
123 0.95 -0.475 -0.475
124 0.92 -0.43 -0.49
125 0.918333 -0.436667 -0.481667
126 0.94 -0.47 -0.47
127 0.931667 -0.473333 -0.458333
128 0.931667 -0.463333 -0.468333
129 0.936667 -0.463333 -0.473333
130 0.93 -0.47 -0.46
131 0.923333 -0.451667 -0.471667
132 0.93 -0.485 -0.445
133 0.923333 -0.431667 -0.491667
134 0.938333 -0.456667 -0.481667
135 0.935 -0.48 -0.455
136 0.95 -0.465 -0.485
137 0.93 -0.445 -0.485
138 0.925 -0.455 -0.47
139 0.945 -0.49 -0.455
140 0.948333 -0.496667 -0.451667
141 0.945 -0.49 -0.455
142 0.925 -0.49 -0.435
143 0.906667 -0.488333 -0.418333
144 0.928333 -0.481667 -0.446667
145 0.905 -0.455 -0.45
146 0.92 -0.46 -0.46
147 0.913333 -0.436667 -0.476667
148 0.923333 -0.411667 -0.511667
149 0.913333 -0.436667 -0.476667
150 0.928333 -0.471667 -0.456667
151 0.911667 -0.478333 -0.433333
152 0.906667 -0.498333 -0.408333
153 0.93 -0.505 -0.425
154 0.916667 -0.488333 -0.428333
155 0.898333 -0.381667 -0.516667
156 0.91 -0.38 -0.53
157 0.921667 -0.423333 -0.498333
158 0.94 -0.45 -0.49
159 0.94 -0.435 -0.505
160 0.933333 -0.436667 -0.496667
161 0.906667 -0.438333 -0.468333
162 0.916667 -0.473333 -0.443333
163 0.893333 -0.416667 -0.476667
164 0.928333 -0.431667 -0.496667
165 0.928333 -0.426667 -0.501667
166 0.95 -0.475 -0.475
167 0.953333 -0.466667 -0.486667
168 0.926667 -0.438333 -0.488333
169 0.93 -0.44 -0.49
170 0.931667 -0.453333 -0.478333
171 0.915 -0.465 -0.45
172 0.908333 -0.471667 -0.436667
173 0.918333 -0.486667 -0.431667
174 0.92 -0.475 -0.445
175 0.921667 -0.473333 -0.448333
176 0.916667 -0.423333 -0.493333
177 0.901667 -0.413333 -0.488333
178 0.915 -0.445 -0.47
179 0.903333 -0.476667 -0.426667
180 0.9 -0.47 -0.43
181 0.935 -0.47 -0.465
182 0.928333 -0.481667 -0.446667
183 0.931667 -0.448333 -0.483333
184 0.931667 -0.453333 -0.478333
185 0.915 -0.465 -0.45
186 0.901667 -0.438333 -0.463333
187 0.905 -0.425 -0.48
188 0.921667 -0.443333 -0.478333
189 0.928333 -0.461667 -0.466667
190 0.931667 -0.478333 -0.453333
191 0.913333 -0.471667 -0.441667
192 0.896667 -0.448333 -0.448333
193 0.911667 -0.458333 -0.453333
194 0.916667 -0.463333 -0.453333
195 0.921667 -0.438333 -0.483333
196 0.93 -0.47 -0.46
197 0.928333 -0.456667 -0.471667
198 0.915 -0.49 -0.425
199 0.928333 -0.491667 -0.436667
200 0.918333 -0.476667 -0.441667
