0 0.537284
1 0.773633
2 0.922556
3 0.964749
4 0.984598
5 0.995662
6 0.995662
7 1
8 1
9 1
10 0.997831
11 0.997831
12 1
13 0.993492
14 0.991323
15 0.993384
16 0.997831
17 0.997831
18 0.995553
19 0.997831
20 0.997831
21 0.995553
22 0.988937
23 0.995662
24 0.997831
25 1
26 1
27 0.995553
28 0.997831
29 0.997831
30 0.991215
31 0.984489
32 0.997831
33 0.997831
34 0.997831
35 0.995662
36 0.995662
37 0.997831
38 0.997722
39 0.997722
40 0.993384
41 0.995444
42 0.995553
43 0.995662
44 0.995444
45 1
46 1
47 0.997722
48 0.997831
49 1
50 0.997831
51 0.997831
52 0.995662
53 0.997722
54 0.995553
55 0.995662
56 1
57 0.997831
58 1
59 0.997831
60 0.995444
61 0.993275
62 0.997722
63 0.993275
64 0.993275
65 0.993275
66 0.995553
67 1
68 0.997722
69 0.995662
70 0.991215
71 0.988828
72 0.990997
73 0.988937
74 0.993492
75 0.997831
76 1
77 0.997831
78 0.997831
79 0.995553
80 0.991106
81 0.997831
82 0.991323
83 0.991215
84 0.995553
85 0.997722
86 1
87 0.995553
88 0.995553
89 0.997831
90 1
91 1
92 0.997831
93 0.997831
94 0.997831
95 1
96 0.995553
97 0.993275
98 0.995553
99 0.995553
100 0.991215
101 0.995553
102 0.997831
103 0.993492
104 0.995662
105 0.993384
106 0.995662
107 0.997831
108 0.997722
109 0.995444
110 1
111 0.997831
112 0.993492
113 1
114 0.997722
115 0.995662
116 0.997831
117 0.997831
118 0.993492
119 0.995662
120 0.997831
121 0.997831
122 0.997722
123 0.997722
124 0.997722
125 1
126 0.997831
127 0.995553
128 0.997831
129 0.997831
130 0.986876
131 0.993492
132 0.997722
133 0.995553
134 0.991106
135 0.995553
136 1
137 0.997722
138 0.997831
139 0.991323
140 0.989045
141 0.995553
142 0.993384
143 1
144 0.997722
145 0.986659
146 0.995444
147 0.997831
148 0.995553
149 0.997722
150 1
151 1
152 0.997831
153 1
154 1
155 0.993275
156 0.990997
157 0.995444
158 0.995553
159 0.984489
160 0.986876
161 0.993492
162 0.993384
163 0.993384
164 0.997722
165 0.995553
166 0.995662
167 1
168 0.993492
169 0.993384
170 0.991323
171 0.993492
172 0.986659
173 0.98232
174 0.984489
175 0.988828
176 0.988937
177 0.988937
178 0.988937
179 0.995553
180 0.997831
181 0.995553
182 0.997831
183 0.993275
184 0.993275
185 1
186 0.995662
187 0.991215
188 0.997722
189 0.997722
190 0.993275
191 0.993275
192 0.995553
193 0.995553
194 0.997722
195 1
196 0.997831
197 0.995444
198 0.993275
199 0.995553
200 0.993275
