0 -0.361667 -0.326667 0.688333
1 -0.331667 -0.301667 0.633333
2 -0.263333 -0.333333 0.596667
3 -0.263333 -0.298333 0.561667
4 -0.27 -0.305 0.575
5 -0.246667 -0.336667 0.583333
6 -0.263333 -0.353333 0.616667
7 -0.313333 -0.328333 0.641667
8 -0.321667 -0.281667 0.603333
9 -0.268333 -0.293333 0.561667
10 -0.308333 -0.258333 0.566667
11 -0.225 -0.3 0.525
12 -0.145 -0.275 0.42
13 -0.0933333 -0.263333 0.356667
14 -0.115 -0.31 0.425
15 -0.103333 -0.313333 0.416667
16 -0.15 -0.34 0.49
17 -0.0716667 -0.416667 0.488333
18 -0.171667 -0.366667 0.538333
19 -0.15 -0.335 0.485
20 -0.158333 -0.348333 0.506667
21 -0.07 -0.355 0.425
22 -0.09 -0.38 0.47
23 -0.00166667 -0.446667 0.448333
24 -0.025 -0.45 0.475
25 0.0166667 -0.428333 0.411667
26 0.0316667 -0.403333 0.371667
27 -0.00666667 -0.391667 0.398333
28 -0.06 -0.42 0.48
29 -0.103333 -0.443333 0.546667
30 -0.055 -0.465 0.52
31 -0.09 -0.43 0.52
32 -0.085 -0.415 0.5
33 -0.0733333 -0.443333 0.516667
34 -0.12 -0.415 0.535
35 -0.175 -0.335 0.51
36 -0.115 -0.325 0.44
37 -0.223333 -0.248333 0.471667
38 -0.305 -0.175 0.48
39 -0.275 -0.19 0.465
40 -0.173333 -0.258333 0.431667
41 -0.25 -0.265 0.515
42 -0.27 -0.31 0.58
43 -0.168333 -0.338333 0.506667
44 -0.116667 -0.421667 0.538333
45 -0.0683333 -0.463333 0.531667
46 -0.108333 -0.413333 0.521667
47 -0.113333 -0.423333 0.536667
48 -0.108333 -0.418333 0.526667
49 -0.183333 -0.368333 0.551667
50 -0.18 -0.37 0.55
51 -0.243333 -0.283333 0.526667
52 -0.273333 -0.293333 0.566667
53 -0.216667 -0.356667 0.573333
54 -0.233333 -0.338333 0.571667
55 -0.231667 -0.351667 0.583333
56 -0.256667 -0.316667 0.573333
57 -0.301667 -0.286667 0.588333
58 -0.331667 -0.251667 0.583333
59 -0.328333 -0.318333 0.646667
60 -0.308333 -0.323333 0.631667
61 -0.283333 -0.333333 0.616667
62 -0.291667 -0.331667 0.623333
63 -0.223333 -0.418333 0.641667
64 -0.273333 -0.358333 0.631667
65 -0.303333 -0.308333 0.611667
66 -0.266667 -0.311667 0.578333
67 -0.241667 -0.211667 0.453333
68 -0.221667 -0.181667 0.403333
69 -0.253333 -0.153333 0.406667
70 -0.263333 -0.118333 0.381667
71 -0.173333 -0.213333 0.386667
72 -0.16 -0.28 0.44
73 -0.085 -0.37 0.455
74 -0.0816667 -0.371667 0.453333
75 -0.16 -0.325 0.485
76 -0.17 -0.25 0.42
77 -0.183333 -0.228333 0.411667
78 -0.248333 -0.238333 0.486667
79 -0.24 -0.25 0.49
80 -0.28 -0.255 0.535
81 -0.39 -0.19 0.58
82 -0.42 -0.07 0.49
83 -0.405 -0.175 0.58
84 -0.355 -0.23 0.585
85 -0.31 -0.3 0.61
86 -0.305 -0.255 0.56
87 -0.318333 -0.213333 0.531667
88 -0.361667 -0.161667 0.523333
89 -0.345 -0.195 0.54
90 -0.326667 -0.221667 0.548333
91 -0.293333 -0.218333 0.511667
92 -0.211667 -0.256667 0.468333
93 -0.228333 -0.168333 0.396667
94 -0.315 -0.135 0.45
95 -0.275 -0.175 0.45
96 -0.258333 -0.173333 0.431667
97 -0.261667 -0.181667 0.443333
98 -0.266667 -0.111667 0.378333
99 -0.306667 -0.0216667 0.328333
100 -0.435 0.065 0.37
101 -0.491667 0.0983333 0.393333
102 -0.506667 0.0883333 0.418333
103 -0.525 0.175 0.35
104 -0.521667 0.253333 0.268333
105 -0.473333 0.176667 0.296667
106 -0.405 0.055 0.35
107 -0.41 0.045 0.365
108 -0.406667 -0.00666667 0.413333
109 -0.458333 -0.00833333 0.466667
110 -0.481667 0.0383333 0.443333
111 -0.488333 0.0666667 0.421667
112 -0.386667 0.0183333 0.368333
113 -0.458333 0.0566667 0.401667
114 -0.478333 0.121667 0.356667
115 -0.51 0.1 0.41
116 -0.453333 0.0166667 0.436667
117 -0.476667 0.0683333 0.408333
118 -0.44 0.03 0.41
119 -0.388333 -0.0683333 0.456667
120 -0.381667 -0.101667 0.483333
121 -0.4 -0.06 0.46
122 -0.38 -0.045 0.425
123 -0.373333 -0.0983333 0.471667
124 -0.486667 -0.00166667 0.488333
125 -0.556667 0.0683333 0.488333
126 -0.536667 0.0933333 0.443333
127 -0.458333 -0.0483333 0.506667
128 -0.5 0.05 0.45
129 -0.571667 0.128333 0.443333
130 -0.546667 0.103333 0.443333
131 -0.535 0.115 0.42
132 -0.46 0.09 0.37
133 -0.51 0.075 0.435
134 -0.56 0.155 0.405
135 -0.615 0.2 0.415
136 -0.56 0.19 0.37
137 -0.546667 0.213333 0.333333
138 -0.496667 0.118333 0.378333
139 -0.555 0.115 0.44
140 -0.501667 0.148333 0.353333
141 -0.51 0.205 0.305
142 -0.481667 0.348333 0.133333
143 -0.425 0.27 0.155
144 -0.465 0.305 0.16
145 -0.516667 0.253333 0.263333
146 -0.493333 0.226667 0.266667
147 -0.436667 0.133333 0.303333
148 -0.468333 0.181667 0.286667
149 -0.428333 0.176667 0.251667
150 -0.485 0.22 0.265
151 -0.518333 0.206667 0.311667
152 -0.465 0.215 0.25
153 -0.478333 0.231667 0.246667
154 -0.48 0.205 0.275
155 -0.555 0.22 0.335
156 -0.561667 0.248333 0.313333
157 -0.583333 0.251667 0.331667
158 -0.508333 0.176667 0.331667
159 -0.536667 0.153333 0.383333
160 -0.536667 0.173333 0.363333
161 -0.57 0.225 0.345
162 -0.613333 0.341667 0.271667
163 -0.575 0.38 0.195
164 -0.503333 0.346667 0.156667
165 -0.49 0.335 0.155
166 -0.52 0.325 0.195
167 -0.551667 0.268333 0.283333
168 -0.521667 0.328333 0.193333
169 -0.438333 0.226667 0.211667
170 -0.533333 0.266667 0.266667
171 -0.46 0.18 0.28
172 -0.49 0.095 0.395
173 -0.508333 0.0916667 0.416667
174 -0.546667 0.143333 0.403333
175 -0.566667 0.163333 0.403333
176 -0.573333 0.216667 0.356667
177 -0.576667 0.253333 0.323333
178 -0.561667 0.263333 0.298333
179 -0.476667 0.268333 0.208333
180 -0.438333 0.331667 0.106667
181 -0.461667 0.373333 0.0883333
182 -0.43 0.39 0.04
183 -0.435 0.42 0.015
184 -0.411667 0.358333 0.0533333
185 -0.326667 0.308333 0.0183333
186 -0.345 0.305 0.04
187 -0.438333 0.306667 0.131667
188 -0.42 0.24 0.18
189 -0.406667 0.318333 0.0883333
190 -0.335 0.34 -0.005
191 -0.343333 0.391667 -0.0483333
192 -0.323333 0.386667 -0.0633333
193 -0.355 0.395 -0.04
194 -0.355 0.475 -0.12
195 -0.291667 0.508333 -0.216667
196 -0.405 0.505 -0.1
197 -0.451667 0.493333 -0.0416667
198 -0.351667 0.443333 -0.0916667
199 -0.453333 0.441667 0.0116667
200 -0.43 0.405 0.025
