0 0.0107916
1 0.0453901
2 0.12902
3 0.057002
4 0.0929
5 0.0268457
6 -0.01177
7 0.0329184
8 0.0147001
9 -0.0422475
10 -0.0687127
11 -0.153751
12 -0.0729424
13 0.0650265
14 -0.0598185
15 -0.162754
16 -0.164815
17 -0.126742
18 -0.162645
19 -0.14464
20 -0.0499459
21 0.0180602
22 0.00851373
23 -0.00786149
24 -0.0583015
25 -0.108737
26 0.0179515
27 -0.0148039
28 -0.0404044
29 -0.0451776
30 -0.0516852
31 0.0705607
32 0.0413828
33 -0.067087
34 -0.0666522
35 -0.0546104
36 0.0155698
37 0.01513
38 -0.00471887
39 0.0114439
40 0.0424649
41 0.0149126
42 0.083897
43 0.016647
44 -0.00927468
45 0.0524412
46 0.0422475
47 -0.000380474
48 -0.0605794
49 0.0549365
50 0.035305
51 0.0338919
52 0.144205
53 0.16481
54 0.0884529
55 0.0743506
56 0.0599272
57 0.135963
58 0.0968035
59 0.126525
60 0.0759812
61 0.00938338
62 -0.0622051
63 -0.103642
64 -0.111993
65 -0.0633959
66 -0.0159997
67 0.0306405
68 0.064483
69 0.0274979
70 0.077172
71 0.0687127
72 0.0361747
73 0.02522
74 -0.0701259
75 -0.0408392
76 -0.0417039
77 0.0131782
78 0.0105742
79 0.100168
80 0.0798848
81 0.0725075
82 0.0948517
83 0.0491899
84 0.0628573
85 0.100277
86 0.143879
87 0.101794
88 0.00916597
89 0.0895399
90 0.0896486
91 0.113184
92 0.0574318
93 0.0144827
94 0.0239205
95 0.0742468
96 -0.00862244
97 -0.0286887
98 -0.143123
99 -0.147891
100 -0.157437
101 -0.0477767
102 -0.0675169
103 -0.00862244
104 0.0169731
105 0.0658912
106 0.0166519
107 -0.035305
108 -0.0729424
109 -0.173926
110 -0.0891051
111 0.0579754
112 0.0998424
113 -0.0436557
114 0.00601841
115 -0.00537111
116 0.0920303
117 0.0318314
118 0.0138305
119 0.0564535
120 0.0816241
121 0.0130695
122 0.0418126
123 0.036066
124 0.152452
125 0.116983
126 0.0978906
127 0.0541805
128 0.0731598
129 0.0574318
130 0.116979
131 0.0758725
132 0.104724
133 0.10841
134 0.0720776
135 0.0264108
136 0.0998424
137 0.0878006
138 0.0828149
139 0.073812
140 0.040187
141 0.0124173
142 0.0799935
143 0.00938338
144 0.0208816
145 0.0446341
146 0.0650265
147 -0.0180602
148 -0.037583
149 0.031614
150 -0.053637
151 0.000701654
152 0.0581928
153 0.0264108
154 0.045395
155 0.0103617
156 -0.0733772
157 -0.00102777
158 0.088779
159 -0.0871484
160 -0.0665435
161 -0.0347615
162 -0.0284713
163 -0.0789064
164 -0.0848754
165 -0.0833535
166 -0.0488638
167 0.0332446
168 0.0415952
169 -0.075329
170 -0.0142653
171 -0.0370394
172 -0.0754327
173 0.0778243
174 0.0434383
175 -0.00688807
176 -0.144857
177 -0.0746817
178 -0.0650265
179 -0.00450146
180 -0.0518977
181 0.0195821
182 0.00949209
183 -0.0482115
184 -0.0803196
185 -0.0645917
186 0.000706595
187 0.0399696
188 0.104724
189 0.0690388
190 -0.0220724
191 0.0623138
192 0.0694736
193 0.0225073
194 -0.0304231
195 0.150065
196 0.130972
197 0.0780417
198 0.0731598
199 -0.0464772
200 0.000924009
