0 0.537284
1 0.517326
2 0.548021
3 0.497912
4 0.544335
5 0.478928
6 0.45984
7 0.420251
8 0.356475
9 0.398668
10 0.382505
11 0.402898
12 0.368625
13 0.3581
14 0.362221
15 0.432075
16 0.407127
17 0.431858
18 0.326753
19 0.341503
20 0.40398
21 0.403436
22 0.359726
23 0.317424
24 0.328488
25 0.297684
26 0.315799
27 0.394003
28 0.447042
29 0.443465
30 0.352892
31 0.406366
32 0.34888
33 0.381853
34 0.308095
35 0.332174
36 0.276748
37 0.334778
38 0.313195
39 0.297141
40 0.339986
41 0.371007
42 0.385544
43 0.284669
44 0.303436
45 0.17783
46 0.271001
47 0.224796
48 0.204834
49 0.220779
50 0.21818
51 0.287594
52 0.431206
53 0.327406
54 0.362656
55 0.339339
56 0.348119
57 0.348663
58 0.383696
59 0.367321
60 0.39053
61 0.397907
62 0.364173
63 0.371007
64 0.37708
65 0.378493
66 0.41027
67 0.400837
68 0.356583
69 0.321224
70 0.319272
71 0.323176
72 0.428281
73 0.421447
74 0.385
75 0.361243
76 0.385756
77 0.262542
78 0.318832
79 0.237268
80 0.312004
81 0.270893
82 0.298989
83 0.287708
84 0.321115
85 0.378602
86 0.366995
87 0.45225
88 0.407997
89 0.464505
90 0.446173
91 0.455611
92 0.448668
93 0.416456
94 0.40062
95 0.416886
96 0.467217
97 0.435001
98 0.410813
99 0.455284
100 0.413309
101 0.388469
102 0.362982
103 0.373393
104 0.356583
105 0.436088
106 0.453224
107 0.508323
108 0.45778
109 0.397907
110 0.42329
111 0.347146
112 0.323823
113 0.274149
114 0.288034
115 0.231847
116 0.175339
117 0.153316
118 0.114918
119 0.108302
120 0.0416002
121 0.0542892
122 0.0291236
123 0.0563497
124 0.0464772
125 0.106676
126 0.0486464
127 0.0138305
128 -0.0331358
129 -0.0741332
130 0.0206642
131 0.0278191
132 -0.0968035
133 -0.194427
134 -0.198761
135 -0.139105
136 -0.128042
137 -0.189002
138 -0.176204
139 -0.210911
140 -0.235859
141 -0.246923
142 -0.189432
143 -0.187806
144 -0.188458
145 -0.330874
146 -0.236729
147 -0.211455
148 -0.114809
149 -0.200826
150 -0.312547
151 -0.256252
152 -0.169692
153 -0.214054
154 -0.108954
155 -0.132924
156 -0.182059
157 -0.208633
158 -0.128042
159 -0.0161034
160 -0.110362
161 -0.0976732
162 -0.0550452
163 -0.100386
164 -0.103099
165 -0.0765247
166 -0.0516852
167 -0.1211
168 -0.125443
169 -0.0982167
170 -0.13531
171 -0.103963
172 -0.0616615
173 -0.0722901
174 -0.14583
175 -0.213945
176 -0.195836
177 -0.165249
178 -0.128585
179 -0.0395347
180 -0.0424649
181 -0.0244591
182 -0.044308
183 0.00873114
184 0.0219637
185 0.0201207
186 -0.0424649
187 -0.0155649
188 0.0677392
189 0.0331358
190 -0.0100307
191 0.0188211
192 -0.012526
193 -0.0383439
194 0.0444117
195 0.0691425
196 0.00938338
197 -0.00135884
198 -0.0491899
199 -0.129346
200 -0.150065
